5;
Megane;1998;1000.99;
Mokka;2000;1500.25;
Tiguan;2003;800.99;
Almera;2005;600;
Multipla;2009;3000.89;
9;
Focus;2005;2000.2;
Golf;2005;2500.2;
Ka;2008;11000.6;
Mondeo;2008;12000.4;
Kiti;2008;12000.4;
Megane;2009;13000.5;
Touran;2009;12000.5;
Crossland;2010;10000.6;
Enjoy x;2010;10000.6;
6;
Scenic;2003;2000.3;
Passat;2005;1700.7;
80;2007;270000.1;
Forester;2008;12400.4;
Yaris;2012;12500.5;
Jetta;2014;12100.1;
5;
Passat;1996;200.2;
Golf;1999;250.4;
Polo;2001;1000.6;
Touran;2003;1200.9;
Sharan;2009;12000.8;
6;
Outlander;2009;12400.4;
Limousine;2009;12400.4;
V40;2010;12300.3;
Jumper;2010;12200.2;
CTS;2011;12800.8;
Almera;2015;20300.3;
4;
1991;1;
1992;1;
1993;1;
1994;1;
4;
1991;1;
1992;1;
1993;1;
1994;1;
4;
1992;1;
1993;1;
1994;1;
1995;1;
4;
1991;1;
1992;1;
1993;1;
1995;1;